{
 "cells": [
  {
   "cell_type": "code",
   "execution_count": 339,
   "id": "467541b0",
   "metadata": {},
   "outputs": [],
   "source": [
    "using LinearAlgebra, SparseArrays"
   ]
  },
  {
   "cell_type": "code",
   "execution_count": 340,
   "id": "ebe873d0",
   "metadata": {
    "notebookRunGroups": {
     "groupValue": "1"
    }
   },
   "outputs": [
    {
     "name": "stdout",
     "output_type": "stream",
     "text": [
      "Info    : Reading 'cube1.geo'...\n",
      "Info    : Meshing 1D...\n",
      "Info    : [  0%] Meshing curve 1 (Line)\n",
      "Info    : [ 10%] Meshing curve 2 (Line)\n",
      "Info    : [ 20%] Meshing curve 3 (Line)\n",
      "Info    : [ 30%] Meshing curve 4 (Line)\n",
      "Info    : [ 40%] Meshing curve 5 (Line)\n",
      "Info    : [ 50%] Meshing curve 6 (Line)\n",
      "Info    : [ 60%] Meshing curve 7 (Line)\n",
      "Info    : [ 60%] Meshing curve 8 (Line)\n",
      "Info    : [ 70%] Meshing curve 9 (Line)\n",
      "Info    : [ 80%] Meshing curve 10 (Line)\n",
      "Info    : [ 90%] Meshing curve 11 (Line)\n",
      "Info    : [100%] Meshing curve 12 (Line)\n",
      "Info    : Done meshing 1D (Wall 0.000993763s, CPU 0.000994s)\n",
      "Info    : Meshing 2D...\n",
      "Info    : [  0%] Meshing surface 1 (Transfinite)\n",
      "Info    : [ 20%] Meshing surface 2 (Transfinite)\n",
      "Info    : [ 40%] Meshing surface 3 (Transfinite)\n",
      "Info    : [ 60%] Meshing surface 4 (Transfinite)\n",
      "Info    : [ 70%] Meshing surface 5 (Transfinite)\n",
      "Info    : [ 90%] Meshing surface 6 (Transfinite)\n",
      "Info    : Done meshing 2D (Wall 0.000147724s, CPU 0.000141s)\n",
      "Info    : Meshing 3D...\n",
      "Info    : Meshing volume 1 (Transfinite)\n",
      "Info    : Done meshing 3D (Wall 4.4719e-05s, CPU 4.3e-05s)\n",
      "Info    : Optimizing mesh...\n",
      "Info    : Done optimizing mesh (Wall 2.111e-06s, CPU 3e-06s)\n",
      "Info    : 8 nodes 27 elements\n",
      "Info    : Done reading 'cube1.geo'\n"
     ]
    }
   ],
   "source": [
    "using LowLevelFEM\n",
    "gmsh.initialize()\n",
    "\n",
    "gmsh.open(\"cube1.geo\")"
   ]
  },
  {
   "cell_type": "code",
   "execution_count": 341,
   "id": "4adb97e3",
   "metadata": {
    "notebookRunGroups": {
     "groupValue": "1"
    }
   },
   "outputs": [
    {
     "data": {
      "text/plain": [
       "Problem(\"cube1\", :Solid, 3, 3, LowLevelFEM.Material[LowLevelFEM.Material(\"cube\", :Hooke, 200000.0, 0.3, 7.85e-9, 45.0, 4.2e8, 1.2e-5, 115384.61538461536, 76923.07692307692, 166666.66666666666, 1.0e-7, 0.1, 1.0)], 1.0, 8, LowLevelFEM.Geometry(\"\", \"\", 0, 0, nothing, nothing, nothing, nothing))"
      ]
     },
     "execution_count": 341,
     "metadata": {},
     "output_type": "execute_result"
    }
   ],
   "source": [
    "mat = material(\"cube\")\n",
    "prob = Problem([mat])"
   ]
  },
  {
   "cell_type": "code",
   "execution_count": 342,
   "id": "d2e9a903",
   "metadata": {
    "notebookRunGroups": {
     "groupValue": "1"
    }
   },
   "outputs": [],
   "source": [
    "supp1 = displacementConstraint(\"left\", ux=0)\n",
    "supp2 = displacementConstraint(\"bottom\", uy=0)\n",
    "supp3 = displacementConstraint(\"rear\", uz=0)\n",
    "\n",
    "load1 = load(\"right\", fx=1);"
   ]
  },
  {
   "cell_type": "code",
   "execution_count": 343,
   "id": "ff04e581",
   "metadata": {},
   "outputs": [],
   "source": [
    "F = loadVector(prob, [load1])\n",
    "showDoFResults(F, name=\"load\");"
   ]
  },
  {
   "cell_type": "code",
   "execution_count": 344,
   "id": "78f91c8d",
   "metadata": {},
   "outputs": [
    {
     "data": {
      "text/plain": [
       "3-element Vector{Float64}:\n",
       " 1.0\n",
       " 0.0\n",
       " 0.0"
      ]
     },
     "execution_count": 344,
     "metadata": {},
     "output_type": "execute_result"
    }
   ],
   "source": [
    "resultant(F, \"right\")"
   ]
  },
  {
   "cell_type": "code",
   "execution_count": 345,
   "id": "2c1d51fb",
   "metadata": {},
   "outputs": [],
   "source": [
    "λ = mat.λ\n",
    "μ = mat.μ;"
   ]
  },
  {
   "cell_type": "code",
   "execution_count": 366,
   "id": "17f62438",
   "metadata": {},
   "outputs": [
    {
     "data": {
      "text/plain": [
       "6×6 SparseMatrixCSC{Float64, Int64} with 36 stored entries:\n",
       " 81196.6    3205.13  -3205.13   2136.75   1602.56   3205.13\n",
       "  3205.13  81196.6   -3205.13   1602.56   2136.75   3205.13\n",
       " -3205.13  -3205.13  81196.6   -3205.13  -3205.13  -4273.5\n",
       "  2136.75   1602.56  -3205.13  81196.6    3205.13   3205.13\n",
       "  1602.56   2136.75  -3205.13   3205.13  81196.6    3205.13\n",
       "  3205.13   3205.13  -4273.5    3205.13   3205.13  81196.6"
      ]
     },
     "execution_count": 366,
     "metadata": {},
     "output_type": "execute_result"
    }
   ],
   "source": [
    "K1 = stiffnessMatrixPoisson(prob, coefficient=3μ) + gradDivMatrix(prob, coefficient=λ - μ);\n",
    "K1[1:6, 1:6]"
   ]
  },
  {
   "cell_type": "code",
   "execution_count": 367,
   "id": "08ceb0d5",
   "metadata": {},
   "outputs": [
    {
     "data": {
      "text/plain": [
       "6×6 SparseMatrixCSC{Float64, Int64} with 36 stored entries:\n",
       "  47008.5    16025.6   -16025.6   10683.8    8012.82    3205.13\n",
       "  16025.6    47008.5   -16025.6    8012.82  10683.8     3205.13\n",
       " -16025.6   -16025.6    47008.5   -3205.13  -3205.13  -21367.5\n",
       "  10683.8     8012.82   -3205.13  47008.5   16025.6    16025.6\n",
       "   8012.82   10683.8    -3205.13  16025.6   47008.5    16025.6\n",
       "   3205.13    3205.13  -21367.5   16025.6   16025.6    47008.5"
      ]
     },
     "execution_count": 367,
     "metadata": {},
     "output_type": "execute_result"
    }
   ],
   "source": [
    "K2 = stiffnessMatrixPoisson(prob, coefficient=2μ) + gradDivMatrix(prob, coefficient=λ) - curlCurlMatrix(prob, coefficient=μ)\n",
    "K2[1:6, 1:6]"
   ]
  },
  {
   "cell_type": "code",
   "execution_count": 368,
   "id": "16a864ae",
   "metadata": {},
   "outputs": [
    {
     "data": {
      "text/plain": [
       "6×6 SparseMatrixCSC{Float64, Int64} with 36 stored entries:\n",
       "  47008.5    16025.6   -16025.6   10683.8    8012.82    3205.13\n",
       "  16025.6    47008.5   -16025.6    8012.82  10683.8     3205.13\n",
       " -16025.6   -16025.6    47008.5   -3205.13  -3205.13  -21367.5\n",
       "  10683.8     8012.82   -3205.13  47008.5   16025.6    16025.6\n",
       "   8012.82   10683.8    -3205.13  16025.6   47008.5    16025.6\n",
       "   3205.13    3205.13  -21367.5   16025.6   16025.6    47008.5"
      ]
     },
     "execution_count": 368,
     "metadata": {},
     "output_type": "execute_result"
    }
   ],
   "source": [
    "K3 = stiffnessMatrix(prob);\n",
    "K3[1:6, 1:6]"
   ]
  },
  {
   "cell_type": "code",
   "execution_count": 326,
   "id": "3224c175",
   "metadata": {},
   "outputs": [
    {
     "data": {
      "text/plain": [
       "6×6 SparseMatrixCSC{Float64, Int64} with 36 stored entries:\n",
       " -17094.0     6410.26   -6410.26    4273.5     3205.13    6410.26\n",
       "   6410.26  -17094.0    -6410.26    3205.13    4273.5     6410.26\n",
       "  -6410.26   -6410.26  -17094.0    -6410.26   -6410.26   -8547.01\n",
       "   4273.5     3205.13   -6410.26  -17094.0     6410.26    6410.26\n",
       "   3205.13    4273.5    -6410.26    6410.26  -17094.0     6410.26\n",
       "   6410.26    6410.26   -8547.01    6410.26    6410.26  -17094.0"
      ]
     },
     "execution_count": 326,
     "metadata": {},
     "output_type": "execute_result"
    }
   ],
   "source": [
    "(K2.A-K3.A)[1:6, 1:6]"
   ]
  },
  {
   "cell_type": "code",
   "execution_count": 327,
   "id": "ad282447",
   "metadata": {},
   "outputs": [],
   "source": [
    "f = loadVector(prob, [load1]);"
   ]
  },
  {
   "cell_type": "code",
   "execution_count": 328,
   "id": "b14cde67",
   "metadata": {},
   "outputs": [],
   "source": [
    "all = constrainedDoFs(prob, [displacementConstraint(\"cube\", ux=0, uy=0, uz=0)])\n",
    "bc = constrainedDoFs(prob, [supp1, supp2, supp3])\n",
    "free = setdiff(all, bc);"
   ]
  },
  {
   "cell_type": "code",
   "execution_count": 329,
   "id": "f3ba06d3",
   "metadata": {},
   "outputs": [],
   "source": [
    "u = applyBoundaryConditions(prob, [supp1, supp2, supp3]);"
   ]
  },
  {
   "cell_type": "code",
   "execution_count": 330,
   "id": "3d363034",
   "metadata": {},
   "outputs": [],
   "source": [
    "DoFs(u)[free] = K3[free, free] \\ DoFs(f)[free];"
   ]
  },
  {
   "cell_type": "code",
   "execution_count": 331,
   "id": "245f9bde",
   "metadata": {},
   "outputs": [
    {
     "data": {
      "text/plain": [
       "1"
      ]
     },
     "execution_count": 331,
     "metadata": {},
     "output_type": "execute_result"
    }
   ],
   "source": [
    "showDoFResults(u, name=\"displacement\")"
   ]
  },
  {
   "cell_type": "code",
   "execution_count": 332,
   "id": "26ff7981",
   "metadata": {},
   "outputs": [
    {
     "data": {
      "text/plain": [
       "TensorField\n",
       "[[5.0e-6; 1.0587911840678754e-22; … ; 0.0; -1.5000000000000013e-6;;]]"
      ]
     },
     "execution_count": 332,
     "metadata": {},
     "output_type": "execute_result"
    }
   ],
   "source": [
    "A = (u ∘ ∇ + ∇ ∘ u) / 2"
   ]
  },
  {
   "cell_type": "code",
   "execution_count": 333,
   "id": "3b329859",
   "metadata": {},
   "outputs": [
    {
     "data": {
      "text/plain": [
       "2"
      ]
     },
     "execution_count": 333,
     "metadata": {},
     "output_type": "execute_result"
    }
   ],
   "source": [
    "showElementResults(A, name=\"strain\")"
   ]
  },
  {
   "cell_type": "code",
   "execution_count": 334,
   "id": "10d41b15",
   "metadata": {},
   "outputs": [],
   "source": [
    "I = TensorField(prob, \"cube\", [1 0 0; 0 1 0; 0 0 1])\n",
    "S = 2μ * A + λ * trace(A) * I;"
   ]
  },
  {
   "cell_type": "code",
   "execution_count": 335,
   "id": "2e1ae830",
   "metadata": {},
   "outputs": [
    {
     "data": {
      "text/plain": [
       "3"
      ]
     },
     "execution_count": 335,
     "metadata": {},
     "output_type": "execute_result"
    }
   ],
   "source": [
    "showDoFResults(S, name=\"stress\")"
   ]
  },
  {
   "cell_type": "code",
   "execution_count": 336,
   "id": "e61f19a3",
   "metadata": {},
   "outputs": [
    {
     "name": "stdout",
     "output_type": "stream",
     "text": [
      "-------------------------------------------------------\n",
      "Version       : 4.15.0-git\n",
      "License       : GNU General Public License\n",
      "Build OS      : Linux64-sdk\n",
      "Build date    : 19700101\n",
      "Build host    : amdci7.julia.csail.mit.edu\n",
      "Build options : 64Bit ALGLIB[contrib] ANN[contrib] Bamg Blossom Cairo DIntegration Dlopen DomHex Eigen[contrib] Fltk GMP Gmm[contrib] Hxt Jpeg Kbipack LinuxJoystick MathEx[contrib] Mesh Metis[contrib] Mmg Mpeg Netgen Nii2mesh ONELAB ONELABMetamodel OpenCASCADE OpenCASCADE-CAF OpenGL OpenMP OptHom Parser Plugins Png Post QuadMeshingTools QuadTri Solver TetGen/BR TinyXML2[contrib] Untangle Voro++[contrib] WinslowUntangler Zlib tinyobjloader\n",
      "FLTK version  : 1.3.8\n",
      "OCC version   : 7.9.2\n",
      "Packaged by   : root\n",
      "Web site      : https://gmsh.info\n",
      "Issue tracker : https://gitlab.onelab.info/gmsh/gmsh/issues\n",
      "-------------------------------------------------------\n"
     ]
    }
   ],
   "source": [
    "openPostProcessor()"
   ]
  },
  {
   "cell_type": "code",
   "execution_count": 337,
   "id": "206943ac",
   "metadata": {},
   "outputs": [],
   "source": [
    "gmsh.finalize()"
   ]
  }
 ],
 "metadata": {
  "kernelspec": {
   "display_name": "Julia 1.12",
   "language": "julia",
   "name": "julia-1.12"
  },
  "language_info": {
   "file_extension": ".jl",
   "mimetype": "application/julia",
   "name": "julia",
   "version": "1.12.3"
  }
 },
 "nbformat": 4,
 "nbformat_minor": 5
}
